#############################################
# Archivo de parametros creado por Johan Retama Pérez
# Fecha de última modificación 13/12/2024


###################################################################
###################### BGO CRYSTAL ################################
###################################################################


sv:Ma/BGO/Components = 3 "Bismuth" "Germanium" "Oxygen"
uv:Ma/BGO/Fractions  = 3  0.6710 0.1749 0.1541
d:Ma/BGO/Density     = 7.13 g/cm3
s:Ma/BGO/DefaultColor= "yellow"
d:Ma/BGO/ScintillationYield      = 8500 /MeV
u:Ma/BGO/ResolutionScale  = 1.0
d:Ma/BGO/ScintillationTimeConstant1  = 1.0 ns
u:Ma/BGO/YieldRatio = 1.0
dv:Ma/BGO/RIndex/Energies    = 22 1.70174 1.77366 1.85541 1.94125 2.03686 2.27506 2.30503 2.39026 2.4234 2.45544 2.53941 2.64815 2.67683 2.73866 2.77454 2.81679 2.85486 2.94883 3.08777 3.28102 3.35631 3.44381 eV
uv:Ma/BGO/RIndex/Values    = 22 2.06 2.06 2.06 2.07 2.07 2.09 2.09 2.1 2.1 2.11 2.12 2.13 2.13 2.14 2.15 2.16 2.16 2.18 2.21 2.26 2.29 2.32
dv:Ma/BGO/ScintillationComponent1/Energies = 157 1.94478 1.95083 1.9576 1.96509 1.97265 1.98027 1.98795 1.99568 2.00347 2.01061 2.01853 2.02577 2.03308 2.03969 2.04784 2.0553 2.06357 2.07115 2.07802 2.0857 2.09421 2.10124 2.1091 2.11622 2.12499 2.13222 2.1395 2.14928 2.15668 2.16495 2.17246 2.18002 2.18594 2.19274 2.19873 2.20647 2.2134 2.22037 2.22651 2.23357 2.24067 2.24692 2.25411 2.26134 2.26771 2.27321 2.28056 2.28704 2.29449 2.30198 2.30858 2.31522 2.32094 2.3267 2.33344 2.34023 2.3451 2.35195 2.35785 2.36379 2.37174 2.37975 2.38681 2.39593 2.40206 2.41233 2.42166 2.43105 2.43947 2.449 2.45861 2.4683 2.47806 2.49009 2.50112 2.51003 2.52237 2.53597 2.54972 2.56361 2.57765 2.59185 2.60499 2.61826 2.63167 2.64522 2.6564 2.66893 2.67778 2.68924 2.6995 2.70854 2.71896 2.7268 2.73868 2.74665 2.75601 2.76407 2.77219 2.78035 2.78994 2.7982 2.80791 2.81488 2.82189 2.82893 2.83742 2.84597 2.8517 2.86034 2.86757 2.87485 2.88215 2.8895 2.89836 2.90579 2.91476 2.92226 2.93133 2.9374 2.94349 2.94962 2.95731 2.96504 2.97281 2.98063 2.98849 2.99479 3.00273 3.0091 3.0155 3.02354 3.03162 3.03975 3.04793 3.05615 3.0644 3.07439 3.08443 3.09455 3.10472 3.11325 3.12528 3.13741 3.14611 3.1584 3.17078 3.18506 3.19765 3.21035 3.22498 3.23975 3.25278 3.2697 3.28678 3.30212 3.30594 eV
uv:Ma/BGO/ScintillationComponent1/Values = 157 0.109291 0.11811 0.124409 0.133228 0.143307 0.153386 0.163465 0.172283 0.183622 0.192441 0.20378 0.213858 0.225197 0.235276 0.245354 0.256693 0.266772 0.27937 0.291969 0.303307 0.313386 0.324724 0.334803 0.346142 0.35874 0.370079 0.381417 0.394016 0.405354 0.417953 0.429291 0.44189 0.455748 0.465827 0.477165 0.488504 0.499843 0.511181 0.52252 0.535118 0.547717 0.561575 0.574173 0.586772 0.59937 0.613228 0.625827 0.638425 0.651024 0.664882 0.67748 0.690079 0.702677 0.716535 0.729134 0.741732 0.754331 0.765669 0.777008 0.789606 0.800945 0.813543 0.824882 0.83622 0.847559 0.861417 0.874016 0.884094 0.895433 0.906772 0.91811 0.929449 0.942047 0.952126 0.962205 0.969764 0.977323 0.986142 0.992441 0.99748 0.99821 1.0 0.99622 0.989921 0.982362 0.976063 0.967244 0.958425 0.949606 0.939528 0.929449 0.91685 0.905512 0.890394 0.877795 0.862677 0.850079 0.834961 0.819843 0.804724 0.789606 0.773228 0.75811 0.744252 0.729134 0.712756 0.697638 0.68252 0.669921 0.656063 0.642205 0.627087 0.613228 0.59811 0.581732 0.566614 0.550236 0.533858 0.51748 0.503622 0.488504 0.473386 0.459528 0.444409 0.429291 0.414173 0.400315 0.385197 0.371339 0.35874 0.344882 0.329764 0.315906 0.302047 0.289449 0.275591 0.261732 0.249134 0.235276 0.222677 0.210079 0.19748 0.183622 0.171024 0.157165 0.145827 0.131969 0.12063 0.108031 0.095433 0.081574 0.068976 0.057637 0.043779 0.031181 0.014803 0.012723


###############################################################
####################### Superficie Reflectiva #################
###############################################################

s:Su/Reflective_Surface/Type                   = "dielectric_metal"
s:Su/Reflective_Surface/Finish                 = "polished"
s:Su/Reflective_Surface/Model                  = "unified"
dv:Su/Reflective_Surface/Reflectivity/Energies = 157 1.94478 1.95083 1.9576 1.96509 1.97265 1.98027 1.98795 1.99568 2.00347 2.01061 2.01853 2.02577 2.03308 2.03969 2.04784 2.0553 2.06357 2.07115 2.07802 2.0857 2.09421 2.10124 2.1091 2.11622 2.12499 2.13222 2.1395 2.14928 2.15668 2.16495 2.17246 2.18002 2.18594 2.19274 2.19873 2.20647 2.2134 2.22037 2.22651 2.23357 2.24067 2.24692 2.25411 2.26134 2.26771 2.27321 2.28056 2.28704 2.29449 2.30198 2.30858 2.31522 2.32094 2.3267 2.33344 2.34023 2.3451 2.35195 2.35785 2.36379 2.37174 2.37975 2.38681 2.39593 2.40206 2.41233 2.42166 2.43105 2.43947 2.449 2.45861 2.4683 2.47806 2.49009 2.50112 2.51003 2.52237 2.53597 2.54972 2.56361 2.57765 2.59185 2.60499 2.61826 2.63167 2.64522 2.6564 2.66893 2.67778 2.68924 2.6995 2.70854 2.71896 2.7268 2.73868 2.74665 2.75601 2.76407 2.77219 2.78035 2.78994 2.7982 2.80791 2.81488 2.82189 2.82893 2.83742 2.84597 2.8517 2.86034 2.86757 2.87485 2.88215 2.8895 2.89836 2.90579 2.91476 2.92226 2.93133 2.9374 2.94349 2.94962 2.95731 2.96504 2.97281 2.98063 2.98849 2.99479 3.00273 3.0091 3.0155 3.02354 3.03162 3.03975 3.04793 3.05615 3.0644 3.07439 3.08443 3.09455 3.10472 3.11325 3.12528 3.13741 3.14611 3.1584 3.17078 3.18506 3.19765 3.21035 3.22498 3.23975 3.25278 3.2697 3.28678 3.30212 3.30594 eV


uv:Su/Reflective_Surface/Reflectivity/Values   = 157 0.8437 0.84366 0.8437 0.84366 0.84361 0.84355 0.8435 0.84346 0.84343 0.84342 0.84343 0.84346 0.8435 0.84355 0.84362 0.84368 0.84377 0.84385 0.84393 0.844 0.84404 0.84408 0.8441 0.8441 0.84408 0.84403 0.84395 0.84385 0.84374 0.84356 0.84341 0.84323 0.84306 0.84288 0.84274 0.84258 0.84244 0.84228 0.84213 0.842 0.84189 0.84177 0.84167 0.84158 0.84149 0.84141 0.84133 0.84127 0.84119 0.84112 0.84103 0.84093 0.84083 0.84072 0.84061 0.8405 0.84036 0.8402 0.84008 0.8399 0.83974 0.83958 0.83935 0.83913 0.83893 0.83868 0.83853 0.83828 0.83808 0.83791 0.83777 0.83763 0.83749 0.83735 0.8372 0.83697 0.8367 0.83644 0.83601 0.83547 0.83487 0.83427 0.83376 0.83338 0.8332 0.83318 0.8333 0.83348 0.83362 0.83368 0.83364 0.83601 0.83547 0.83487 0.83427 0.83376 0.83338 0.83347 0.8332 0.83289 0.83248 0.83215 0.83167 0.83137 0.83104 0.83076 0.83047 0.83014 0.82966 0.82914 0.8284 0.82779 0.82715 0.8265 0.82576 0.82514 0.82481 0.8405 0.84036 0.8402 0.84008 0.8399 0.83974 0.83958 0.83935 0.83913 0.83893 0.83868 0.83853 0.83828 0.83808 0.83791 0.83777 0.83763 0.83749 0.82444 0.82423 0.82406 0.82385 0.82352 0.8229 0.82223 0.8214 0.82092 0.82094 0.8214 0.82214 0.82289 0.82309 0.82127 0.8163 0.80824 0.80004 0.79814 0.81092 0.84018 0.8872



# Surface used to detect optical photons
s:Su/SurfaceDetector/Type                = "dielectric_metal"
s:Su/SurfaceDetector/Finish              = "polished"
s:Su/SurfaceDetector/Model               = "unified"
dv:Su/SurfaceDetector/Efficiency/Energies   = 157 1.94478 1.95083 1.9576 1.96509 1.97265 1.98027 1.98795 1.99568 2.00347 2.01061 2.01853 2.02577 2.03308 2.03969 2.04784 2.0553 2.06357 2.07115 2.07802 2.0857 2.09421 2.10124 2.1091 2.11622 2.12499 2.13222 2.1395 2.14928 2.15668 2.16495 2.17246 2.18002 2.18594 2.19274 2.19873 2.20647 2.2134 2.22037 2.22651 2.23357 2.24067 2.24692 2.25411 2.26134 2.26771 2.27321 2.28056 2.28704 2.29449 2.30198 2.30858 2.31522 2.32094 2.3267 2.33344 2.34023 2.3451 2.35195 2.35785 2.36379 2.37174 2.37975 2.38681 2.39593 2.40206 2.41233 2.42166 2.43105 2.43947 2.449 2.45861 2.4683 2.47806 2.49009 2.50112 2.51003 2.52237 2.53597 2.54972 2.56361 2.57765 2.59185 2.60499 2.61826 2.63167 2.64522 2.6564 2.66893 2.67778 2.68924 2.6995 2.70854 2.71896 2.7268 2.73868 2.74665 2.75601 2.76407 2.77219 2.78035 2.78994 2.7982 2.80791 2.81488 2.82189 2.82893 2.83742 2.84597 2.8517 2.86034 2.86757 2.87485 2.88215 2.8895 2.89836 2.90579 2.91476 2.92226 2.93133 2.9374 2.94349 2.94962 2.95731 2.96504 2.97281 2.98063 2.98849 2.99479 3.00273 3.0091 3.0155 3.02354 3.03162 3.03975 3.04793 3.05615 3.0644 3.07439 3.08443 3.09455 3.10472 3.11325 3.12528 3.13741 3.14611 3.1584 3.17078 3.18506 3.19765 3.21035 3.22498 3.23975 3.25278 3.2697 3.28678 3.30212 3.30594 eV
uv:Su/SurfaceDetector/Efficiency/Values     = 157 1.0 1.0 1.0 1.0 1.0 1.0 1.0 1.0 1.0 1.0 1.0 1.0 1.0 1.0 1.0 1.0 1.0 1.0 1.0 1.0 1.0 1.0 1.0 1.0 1.0 1.0 1.0 1.0 1.0 1.0 1.0 1.0 1.0 1.0 1.0 1.0 1.0 1.0 1.0 1.0 1.0 1.0 1.0 1.0 1.0 1.0 1.0 1.0 1.0 1.0 1.0 1.0 1.0 1.0 1.0 1.0 1.0 1.0 1.0 1.0 1.0 1.0 1.0 1.0 1.0 1.0 1.0 1.0 1.0 1.0 1.0 1.0 1.0 1.0 1.0 1.0 1.0 1.0 1.0 1.0 1.0 1.0 1.0 1.0 1.0 1.0 1.0 1.0 1.0 1.0 1.0 1.0 1.0 1.0 1.0 1.0 1.0 1.0 1.0 1.0 1.0 1.0 1.0 1.0 1.0 1.0 1.0 1.0 1.0 1.0 1.0 1.0 1.0 1.0 1.0 1.0 1.0 1.0 1.0 1.0 1.0 1.0 1.0 1.0 1.0 1.0 1.0 1.0 1.0 1.0 1.0 1.0 1.0 1.0 1.0 1.0 1.0 1.0 1.0 1.0 1.0 1.0 1.0 1.0 1.0 1.0 1.0 1.0 1.0 1.0 1.0 1.0 1.0 1.0 1.0 1.0 1.0

dv:Su/SurfaceDetector/Reflectivity/Energies = 157 1.94478 1.95083 1.9576 1.96509 1.97265 1.98027 1.98795 1.99568 2.00347 2.01061 2.01853 2.02577 2.03308 2.03969 2.04784 2.0553 2.06357 2.07115 2.07802 2.0857 2.09421 2.10124 2.1091 2.11622 2.12499 2.13222 2.1395 2.14928 2.15668 2.16495 2.17246 2.18002 2.18594 2.19274 2.19873 2.20647 2.2134 2.22037 2.22651 2.23357 2.24067 2.24692 2.25411 2.26134 2.26771 2.27321 2.28056 2.28704 2.29449 2.30198 2.30858 2.31522 2.32094 2.3267 2.33344 2.34023 2.3451 2.35195 2.35785 2.36379 2.37174 2.37975 2.38681 2.39593 2.40206 2.41233 2.42166 2.43105 2.43947 2.449 2.45861 2.4683 2.47806 2.49009 2.50112 2.51003 2.52237 2.53597 2.54972 2.56361 2.57765 2.59185 2.60499 2.61826 2.63167 2.64522 2.6564 2.66893 2.67778 2.68924 2.6995 2.70854 2.71896 2.7268 2.73868 2.74665 2.75601 2.76407 2.77219 2.78035 2.78994 2.7982 2.80791 2.81488 2.82189 2.82893 2.83742 2.84597 2.8517 2.86034 2.86757 2.87485 2.88215 2.8895 2.89836 2.90579 2.91476 2.92226 2.93133 2.9374 2.94349 2.94962 2.95731 2.96504 2.97281 2.98063 2.98849 2.99479 3.00273 3.0091 3.0155 3.02354 3.03162 3.03975 3.04793 3.05615 3.0644 3.07439 3.08443 3.09455 3.10472 3.11325 3.12528 3.13741 3.14611 3.1584 3.17078 3.18506 3.19765 3.21035 3.22498 3.23975 3.25278 3.2697 3.28678 3.30212 3.30594 eV
uv:Su/SurfaceDetector/Reflectivity/Values   = 157 0.0 0.0 0.0 0.0 0.0 0.0 0.0 0.0 0.0 0.0 0.0 0.0 0.0 0.0 0.0 0.0 0.0 0.0 0.0 0.0 0.0 0.0 0.0 0.0 0.0 0.0 0.0 0.0 0.0 0.0 0.0 0.0 0.0 0.0 0.0 0.0 0.0 0.0 0.0 0.0 0.0 0.0 0.0 0.0 0.0 0.0 0.0 0.0 0.0 0.0 0.0 0.0 0.0 0.0 0.0 0.0 0.0 0.0 0.0 0.0 0.0 0.0 0.0 0.0 0.0 0.0 0.0 0.0 0.0 0.0 0.0 0.0 0.0 0.0 0.0 0.0 0.0 0.0 0.0 0.0 0.0 0.0 0.0 0.0 0.0 0.0 0.0 0.0 0.0 0.0 0.0 0.0 0.0 0.0 0.0 0.0 0.0 0.0 0.0 0.0 0.0 0.0 0.0 0.0 0.0 0.0 0.0 0.0 0.0 0.0 0.0 0.0 0.0 0.0 0.0 0.0 0.0 0.0 0.0 0.0 0.0 0.0 0.0 0.0 0.0 0.0 0.0 0.0 0.0 0.0 0.0 0.0 0.0 0.0 0.0 0.0 0.0 0.0 0.0 0.0 0.0 0.0 0.0 0.0 0.0 0.0 0.0 0.0 0.0 0.0 0.0 0.0 0.0 0.0 0.0 0.0 0.0


###########################################
########## Mylar ##########################
###########################################

sv:Ma/Mylar/Components = 3 "Hydrogen" "Carbon" "Oxygen"
uv:Ma/Mylar/Fractions = 3 0.041959 0.625017 0.333025
d:Ma/Mylar/Density = 1.40 g/cm3
s:Ma/Mylar/DefaultColor = "red"
